Epoch1: 0.029317025651215335
Epoch2: 0.0023402962456236342
Epoch3: 0.0010147703083661058
Epoch4: 0.0005142254549051965
Epoch5: 0.0002434440472926427
Epoch6: 0.00013436804454916758
Epoch7: 8.45971546351831e-05
Epoch8: 6.479217148033193e-05
Epoch9: 5.776919028398374e-05
Epoch10: 5.461731085503103e-05
Epoch11: 4.943329695042512e-05
Epoch12: 4.170923413211211e-05
Epoch13: 3.950611027852978e-05
Epoch14: 3.7837920044862755e-05
Epoch15: 3.397264615530191e-05
Epoch16: 3.374096930504796e-05
Epoch17: 3.093905844774848e-05
Epoch18: 2.65902099693415e-05
Epoch19: 2.6010980983065328e-05
Epoch20: 2.43747780747004e-05
