Epoch1: 0.031605196902273744
Epoch2: 0.0037706641346934096
Epoch3: 0.0020797074677830095
Epoch4: 0.0017082833120184659
Epoch5: 0.0012991379042735691
Epoch6: 0.0011635352962305963
Epoch7: 0.0010183616362610336
Epoch8: 0.0009476326948364052
Epoch9: 0.000935745945821509
Epoch10: 0.0009121531169512309
